2 2 2 1000 4 1

-1/16 1/16 
-1/16 1/16 
13 21 35 -1
30 27 62 -1
31 27 63 -1
52 27 20 -1
51 31 23 -1
43 15 31 -1
7 29 33 -1
5 29 35 -1
3 29 37 -1
9 29 47 -1
50 32 41 -1
38 34 63 -1
13 20 35 -1
12 21 35 -1
30 27 63 -1
52 27 21 -1
51 30 23 -1
49 31 20 -1
9 34 17 -1
42 15 31 -1
39 34 63 -1
14 20 35 -1
28 27 62 -1
52 27 22 -1
53 28 16 -1
9 34 18 -1
10 34 17 -1
3 29 39 -1
11 29 47 -1
49 32 40 -1
15 20 35 -1
29 27 62 -1
53 28 17 -1
50 31 21 -1
8 34 18 -1
11 34 17 -1
7 29 34 -1
6 29 35 -1
3 29 38 -1
10 29 47 -1
48 32 40 -1
49 32 41 -1
50 32 42 -1
34 35 27 -1
47 25 44 -1
31 34 39 -1
30 34 38 -1
32 34 24 -1
28 29 27 -1
35 29 36 -1
44 30 40 -1
45 30 41 -1
25 30 29 -1
28 30 24 -1
23 21 24 -1
24 21 23 -1
33 36 31 -1
33 37 30 -1
32 37 31 -1
32 36 30 -1
35 36 29 -1
34 38 30 -1
33 38 29 -1
34 37 29 -1
34 36 28 -1
35 35 33 -1
37 37 33 -1
38 37 34 -1
37 36 32 -1
22 18 37 -1
54 29 10 -1
54 30 9 -1
47 31 17 -1
46 31 16 -1
28 34 31 -1
32 34 35 -1
29 34 30 -1
30 34 29 -1
31 34 28 -1
19 34 16 -1
48 14 31 -1
51 13 31 -1
30 29 34 -1
16 29 44 -1
51 32 50 -1
34 35 32 -1
35 34 32 -1
34 34 33 -1
33 34 34 -1
31 35 29 -1
37 37 32 -1
36 36 32 -1
38 36 34 -1
37 36 33 -1
54 29 11 -1
54 30 8 -1
28 34 30 -1
29 34 31 -1
30 34 28 -1
19 34 17 -1
18 34 16 -1
49 14 31 -1
50 13 31 -1
29 29 32 -1
31 29 34 -1
51 32 51 -1
33 33 32 -1
34 34 32 -1
35 35 32 -1
35 34 33 -1
33 34 35 -1
32 34 34 -1
30 35 29 -1
31 34 29 -1
38 36 32 -1
38 37 33 -1
6 28 56 -1
54 29 9 -1
29 34 29 -1
30 34 30 -1
15 34 15 -1
30 29 33 -1
23 29 40 -1
50 32 48 -1
52 33 55 -1
33 35 32 -1
35 33 32 -1
34 34 34 -1
33 34 33 -1
32 34 32 -1
30 35 31 -1
31 34 31 -1
31 35 30 -1
38 37 32 -1
38 36 33 -1
23 18 38 -1
7 28 56 -1
28 34 29 -1
29 34 28 -1
30 34 31 -1
17 34 16 -1
49 13 31 -1
23 29 41 -1
22 29 40 -1
16 29 46 -1
33 34 32 -1
34 33 32 -1
35 34 34 -1
34 34 35 -1
32 34 33 -1
31 35 31 -1
30 35 30 -1
31 34 30 -1
37 35 33 -1
31 16 40 -1
30 17 40 -1
4 27 56 -1
53 28 14 -1
54 28 13 -1
54 29 12 -1
3 34 6 -1
2 34 7 -1
31 34 26 -1
32 34 37 -1
30 34 27 -1
20 34 17 -1
52 13 30 -1
18 29 40 -1
33 31 25 -1
34 31 26 -1
35 31 27 -1
36 31 28 -1
37 31 29 -1
38 31 30 -1
51 32 52 -1
51 33 53 -1
33 38 32 -1
37 34 32 -1
36 35 32 -1
36 34 33 -1
35 36 32 -1
36 35 33 -1
31 17 40 -1
5 27 56 -1
53 28 15 -1
54 29 13 -1
5 34 1 -1
2 34 6 -1
30 34 26 -1
23 34 19 -1
22 34 18 -1
53 13 30 -1
54 13 29 -1
55 12 29 -1
16 29 43 -1
17 29 42 -1
32 30 24 -1
35 31 26 -1
38 31 31 -1
33 39 32 -1
36 34 32 -1
37 35 32 -1
32 34 36 -1
34 36 32 -1
37 35 34 -1
38 35 33 -1
31 36 31 -1
7 27 56 -1
53 28 13 -1
6 34 0 -1
4 34 2 -1
3 34 5 -1
29 34 27 -1
31 34 25 -1
33 34 39 -1
32 34 38 -1
18 30 40 -1
51 33 54 -1
19 23 32 -1
33 37 32 -1
37 33 32 -1
34 34 36 -1
31 37 30 -1
36 35 34 -1
6 27 56 -1
5 34 2 -1
4 34 3 -1
3 34 4 -1
31 34 24 -1
32 34 39 -1
30 34 25 -1
21 34 18 -1
54 13 30 -1
8 29 48 -1
17 29 41 -1
51 33 55 -1
33 36 32 -1
36 33 32 -1
31 36 30 -1
6 22 31 -1
48 25 38 -1
41 34 4 -1
38 34 11 -1
58 34 23 -1
13 29 31 -1
12 29 30 -1
9 30 24 -1
9 31 25 -1
12 34 33 -1
15 33 33 -1
25 28 10 -1
18 30 3 -1
30 49 32 -1
29 50 32 -1
1 24 25 -1
0 24 24 -1
42 25 51 -1
48 25 41 -1
44 32 12 -1
35 35 0 -1
40 34 10 -1
46 34 12 -1
47 34 13 -1
48 34 18 -1
55 34 21 -1
58 34 24 -1
59 34 25 -1
44 30 50 -1
47 25 42 -1
29 34 35 -1
48 34 14 -1
49 34 15 -1
31 34 33 -1
30 34 32 -1
47 34 17 -1
39 34 25 -1
49 13 32 -1
28 29 29 -1
34 29 35 -1
37 29 36 -1
39 30 37 -1
46 30 44 -1
45 30 47 -1
20 22 30 -1
22 22 28 -1
31 35 32 -1
33 34 31 -1
32 34 30 -1
33 35 30 -1
34 35 29 -1
32 35 31 -1
2 24 27 -1
0 24 25 -1
43 25 51 -1
48 25 40 -1
46 32 15 -1
44 32 13 -1
40 34 11 -1
41 34 10 -1
46 34 13 -1
50 34 17 -1
49 34 18 -1
54 34 21 -1
58 34 25 -1
45 30 50 -1
44 30 51 -1
1 24 27 -1
0 24 26 -1
33 35 0 -1
42 34 10 -1
43 34 11 -1
49 34 17 -1
50 34 18 -1
51 34 19 -1
52 34 20 -1
45 30 49 -1
40 30 52 -1
9 29 22 -1
23 29 8 -1
1 24 26 -1
45 32 14 -1
42 34 11 -1
45 34 12 -1
49 34 16 -1
51 34 18 -1
50 34 19 -1
48 34 17 -1
53 34 20 -1
55 34 22 -1
59 34 26 -1
58 34 27 -1
45 30 48 -1
41 30 52 -1
40 30 53 -1
12 27 20 -1
10 28 21 -1
9 28 22 -1
9 29 23 -1
23 28 8 -1
33 27 63 -1
39 25 59 -1
44 33 8 -1
38 34 1 -1
44 34 11 -1
51 34 20 -1
41 34 14 -1
52 34 19 -1
58 34 29 -1
57 34 30 -1
56 34 31 -1
35 30 56 -1
13 26 18 -1
32 27 63 -1
44 25 49 -1
45 25 48 -1
44 33 9 -1
38 34 0 -1
50 34 20 -1
51 34 21 -1
40 34 14 -1
52 34 18 -1
58 34 28 -1
34 30 56 -1
19 24 15 -1
18 24 14 -1
13 26 19 -1
12 27 19 -1
11 27 20 -1
28 17 39 -1
2 27 51 -1
4 27 53 -1
6 27 55 -1
1 34 9 -1
33 34 41 -1
30 34 22 -1
31 34 23 -1
32 34 40 -1
58 12 28 -1
61 12 27 -1
27 30 47 -1
26 29 45 -1
19 29 36 -1
19 30 39 -1
22 30 34 -1
47 32 37 -1
51 33 56 -1
50 33 57 -1
49 33 58 -1
16 25 35 -1
16 24 34 -1
18 24 32 -1
20 30 32 -1
33 43 32 -1
30 17 38 -1
31 17 39 -1
0 27 50 -1
4 27 54 -1
12 28 57 -1
15 28 58 -1
1 34 10 -1
0 34 11 -1
33 34 42 -1
30 34 21 -1
34 34 41 -1
29 34 22 -1
24 34 19 -1
56 12 29 -1
57 12 28 -1
62 12 27 -1
23 30 32 -1
45 32 36 -1
47 32 38 -1
50 33 58 -1
20 31 34 -1
33 40 32 -1
31 17 38 -1
30 17 39 -1
1 27 50 -1
5 27 54 -1
4 27 55 -1
13 28 57 -1
14 28 58 -1
1 34 11 -1
32 34 42 -1
30 34 20 -1
35 34 41 -1
34 34 40 -1
31 34 21 -1
25 34 19 -1
63 12 27 -1
27 29 46 -1
25 29 44 -1
21 30 35 -1
23 30 33 -1
42 32 34 -1
43 32 35 -1
44 32 36 -1
17 24 33 -1
33 41 32 -1
29 17 39 -1
0 26 49 -1
8 27 56 -1
13 28 58 -1
55 31 3 -1
1 34 8 -1
32 34 41 -1
29 34 20 -1
31 34 22 -1
28 34 21 -1
59 12 28 -1
27 29 45 -1
19 29 37 -1
18 29 36 -1
19 30 38 -1
46 32 37 -1
50 33 56 -1
49 33 59 -1
16 25 34 -1
20 30 33 -1
33 42 32 -1
26 17 39 -1
24 18 38 -1
3 27 52 -1
8 28 56 -1
9 28 57 -1
55 31 4 -1
0 34 14 -1
29 34 19 -1
28 34 18 -1
27 34 21 -1
26 34 20 -1
60 12 28 -1
49 33 60 -1
35 47 32 -1
34 46 32 -1
33 45 32 -1
26 18 39 -1
10 28 57 -1
54 30 7 -1
0 34 13 -1
30 34 19 -1
28 34 17 -1
36 34 41 -1
25 34 20 -1
63 11 27 -1
25 29 43 -1
24 29 42 -1
21 29 39 -1
20 29 38 -1
17 29 35 -1
16 29 34 -1
20 30 37 -1
21 30 36 -1
18 31 34 -1
33 46 32 -1
26 18 38 -1
11 28 57 -1
54 30 6 -1
55 31 6 -1
0 34 12 -1
1 34 13 -1
29 34 17 -1
28 34 16 -1
25 29 42 -1
21 29 38 -1
17 29 34 -1
21 30 37 -1
19 31 34 -1
33 47 32 -1
7 22 32 -1
22 27 60 -1
23 27 61 -1
51 26 24 -1
53 30 26 -1
28 34 15 -1
30 30 49 -1
46 33 62 -1
44 34 63 -1
11 35 25 -1
11 33 27 -1
11 28 38 -1
12 27 38 -1
14 26 37 -1
32 49 32 -1
35 50 32 -1
33 48 32 -1
16 28 58 -1
17 28 59 -1
50 26 30 -1
0 34 20 -1
6 34 18 -1
27 34 15 -1
52 34 32 -1
3 29 40 -1
6 29 45 -1
43 34 63 -1
10 33 29 -1
10 30 34 -1
11 27 38 -1
10 35 31 -1
36 50 32 -1
16 28 59 -1
50 26 31 -1
0 34 21 -1
1 34 20 -1
6 34 19 -1
7 34 18 -1
27 34 14 -1
53 34 32 -1
52 34 33 -1
3 29 41 -1
48 32 39 -1
42 34 63 -1
10 33 28 -1
9 34 28 -1
9 35 29 -1
18 28 59 -1
21 28 60 -1
50 26 29 -1
54 30 29 -1
3 34 20 -1
4 34 19 -1
27 34 12 -1
55 34 32 -1
31 30 52 -1
8 29 32 -1
3 29 43 -1
4 29 44 -1
5 29 45 -1
6 29 46 -1
7 29 47 -1
43 33 63 -1
41 34 62 -1
40 34 63 -1
10 31 32 -1
10 30 33 -1
15 25 35 -1
36 49 32 -1
14 20 36 -1
9 21 34 -1
24 27 61 -1
27 27 62 -1
51 27 22 -1
52 27 17 -1
12 34 16 -1
24 34 4 -1
25 34 5 -1
46 14 30 -1
47 14 31 -1
4 29 39 -1
12 29 47 -1
15 29 44 -1
50 32 44 -1
8 22 33 -1
25 27 61 -1
26 27 62 -1
51 27 23 -1
53 27 17 -1
12 34 17 -1
24 34 5 -1
26 34 7 -1
13 34 16 -1
47 14 30 -1
13 29 47 -1
15 29 45 -1
50 32 45 -1
12 36 23 -1
21 27 60 -1
50 26 26 -1
52 30 24 -1
0 34 16 -1
3 34 19 -1
25 34 9 -1
26 34 10 -1
30 30 50 -1
29 30 49 -1
28 30 48 -1
4 29 43 -1
45 33 62 -1
11 34 27 -1
10 28 36 -1
13 26 37 -1
32 50 32 -1
35 49 32 -1
34 48 32 -1
11 21 34 -1
8 21 33 -1
26 27 61 -1
52 27 19 -1
53 27 18 -1
17 34 15 -1
24 34 6 -1
25 34 7 -1
14 34 16 -1
44 14 30 -1
5 29 36 -1
4 29 37 -1
14 29 47 -1
15 29 46 -1
50 32 46 -1
20 28 59 -1
20 27 60 -1
50 26 27 -1
51 26 26 -1
54 30 27 -1
52 30 25 -1
0 34 17 -1
28 34 13 -1
25 34 8 -1
27 34 10 -1
26 34 11 -1
49 34 32 -1
30 30 51 -1
15 29 33 -1
14 29 32 -1
47 33 61 -1
11 34 26 -1
10 29 36 -1
10 28 37 -1
9 32 26 -1
9 33 27 -1
34 49 32 -1
33 50 32 -1
35 48 32 -1
7 22 33 -1
6 22 32 -1
23 27 60 -1
51 26 25 -1
51 27 24 -1
53 30 27 -1
0 34 18 -1
26 34 8 -1
51 34 33 -1
50 34 32 -1
32 27 11 -1
4 29 41 -1
47 33 62 -1
11 35 24 -1
14 26 36 -1
9 32 25 -1
10 36 30 -1
33 49 32 -1
34 50 32 -1
19 28 59 -1
20 28 60 -1
49 26 31 -1
50 26 28 -1
54 30 28 -1
2 34 20 -1
5 34 19 -1
27 34 13 -1
26 34 12 -1
54 34 32 -1
31 30 53 -1
3 29 42 -1
7 29 46 -1
41 34 63 -1
10 32 30 -1
10 29 35 -1
10 34 28 -1
9 35 30 -1
36 48 32 -1
33 16 36 -1
32 16 37 -1
55 32 2 -1
31 34 40 -1
32 34 23 -1
33 34 22 -1
43 34 28 -1
34 34 21 -1
44 30 39 -1
23 21 23 -1
22 29 30 -1
29 26 18 -1
30 26 17 -1
45 25 47 -1
47 25 45 -1
31 34 38 -1
33 34 24 -1
28 29 26 -1
34 29 36 -1
45 30 40 -1
44 30 41 -1
28 30 25 -1
29 30 24 -1
19 23 31 -1
23 21 25 -1
33 36 30 -1
33 37 31 -1
32 36 31 -1
32 37 30 -1
34 36 29 -1
35 37 29 -1
35 38 30 -1
32 37 29 -1
46 25 47 -1
31 34 37 -1
30 34 36 -1
34 34 24 -1
35 34 25 -1
32 34 26 -1
45 30 43 -1
24 30 30 -1
26 30 28 -1
39 31 32 -1
23 21 26 -1
24 21 21 -1
27 27 24 -1
33 36 29 -1
34 36 30 -1
35 36 31 -1
36 35 31 -1
37 35 30 -1
36 34 30 -1
35 37 30 -1
34 37 31 -1
33 37 28 -1
33 35 27 -1
46 25 46 -1
30 34 37 -1
34 34 25 -1
31 34 36 -1
35 34 24 -1
45 30 42 -1
24 30 31 -1
23 21 27 -1
16 25 16 -1
26 27 24 -1
33 37 29 -1
34 36 31 -1
36 35 30 -1
37 34 30 -1
36 34 31 -1
35 36 30 -1
34 37 30 -1
32 36 29 -1
35 37 31 -1
33 38 30 -1
33 36 28 -1
47 25 41 -1
30 34 35 -1
29 34 32 -1
48 34 13 -1
36 34 25 -1
31 34 34 -1
45 34 16 -1
39 34 26 -1
37 34 24 -1
27 28 24 -1
27 29 25 -1
28 29 30 -1
29 29 31 -1
32 29 34 -1
33 29 35 -1
39 29 37 -1
47 30 46 -1
46 30 47 -1
26 30 27 -1
27 30 26 -1
22 21 28 -1
24 28 27 -1
25 28 26 -1
26 28 25 -1
32 34 29 -1
33 34 28 -1
33 35 29 -1
35 35 31 -1
34 34 31 -1
34 35 30 -1
35 34 30 -1
47 25 43 -1
29 34 34 -1
30 34 33 -1
49 34 14 -1
37 34 26 -1
46 34 17 -1
28 29 28 -1
36 29 36 -1
37 29 37 -1
46 30 45 -1
21 22 30 -1
31 34 32 -1
30 35 32 -1
32 34 31 -1
33 34 30 -1
33 35 31 -1
32 35 30 -1
34 35 28 -1
35 35 29 -1
29 34 33 -1
28 34 32 -1
38 34 26 -1
39 34 27 -1
31 34 35 -1
30 34 34 -1
44 34 16 -1
37 34 25 -1
36 34 24 -1
27 28 25 -1
32 29 35 -1
38 29 37 -1
46 30 46 -1
27 30 27 -1
21 22 29 -1
24 29 27 -1
33 34 29 -1
34 35 31 -1
35 35 30 -1
34 34 30 -1
33 35 28 -1
32 35 29 -1
32 34 28 -1
35 34 31 -1
36 36 30 -1
33 36 27 -1
34 16 35 -1
46 25 38 -1
47 25 39 -1
35 34 16 -1
40 34 27 -1
47 34 28 -1
34 34 17 -1
45 34 30 -1
46 34 29 -1
29 28 16 -1
28 28 17 -1
27 28 22 -1
41 30 38 -1
21 22 18 -1
28 27 22 -1
35 16 35 -1
47 25 38 -1
33 34 19 -1
35 34 17 -1
41 34 27 -1
46 34 28 -1
40 34 26 -1
28 28 16 -1
27 28 23 -1
40 30 38 -1
21 23 18 -1
18 32 34 -1
54 32 1 -1
54 33 0 -1
55 33 1 -1
32 34 21 -1
33 34 20 -1
41 34 28 -1
34 34 23 -1
35 34 22 -1
36 16 35 -1
31 30 22 -1
23 21 21 -1
23 29 29 -1
27 27 23 -1
30 26 19 -1
29 26 16 -1
55 32 3 -1
31 34 41 -1
33 34 23 -1
32 34 22 -1
42 34 28 -1
43 34 29 -1
34 34 20 -1
36 34 18 -1
45 30 39 -1
29 30 23 -1
41 31 34 -1
24 21 25 -1
23 21 22 -1
22 22 20 -1
21 30 31 -1
29 26 19 -1
47 25 37 -1
34 34 19 -1
44 34 29 -1
45 34 28 -1
35 34 18 -1
42 34 27 -1
28 28 19 -1
27 28 20 -1
40 30 37 -1
42 30 39 -1
22 22 19 -1
20 23 16 -1
17 32 34 -1
28 26 21 -1
29 26 20 -1
15 31 3 -1
34 34 18 -1
45 34 29 -1
35 34 19 -1
47 34 31 -1
46 34 30 -1
44 34 28 -1
43 34 27 -1
28 28 18 -1
27 28 21 -1
42 30 38 -1
43 30 39 -1
20 23 17 -1
16 32 34 -1
29 26 21 -1
4 23 29 -1
2 23 27 -1
48 25 39 -1
40 34 4 -1
35 34 15 -1
39 34 11 -1
48 34 28 -1
59 34 23 -1
29 28 15 -1
38 30 54 -1
13 29 30 -1
13 34 33 -1
14 33 33 -1
27 27 14 -1
24 28 10 -1
20 30 4 -1
18 31 3 -1
28 50 32 -1
31 49 32 -1
3 23 29 -1
2 23 28 -1
49 25 33 -1
40 34 3 -1
37 34 14 -1
48 34 27 -1
36 34 15 -1
39 34 12 -1
38 34 13 -1
39 15 33 -1
31 27 13 -1
11 35 33 -1
28 26 15 -1
25 27 11 -1
19 30 4 -1
27 50 32 -1
3 23 28 -1
40 25 57 -1
49 25 32 -1
36 34 14 -1
49 34 27 -1
48 34 26 -1
50 34 24 -1
37 34 15 -1
38 34 12 -1
39 34 13 -1
37 15 34 -1
38 15 33 -1
30 27 13 -1
33 30 55 -1
32 30 54 -1
11 29 30 -1
10 29 31 -1
11 35 32 -1
29 26 15 -1
18 30 4 -1
25 49 32 -1
40 25 59 -1
48 25 35 -1
49 25 34 -1
44 33 7 -1
37 34 13 -1
49 34 25 -1
38 34 14 -1
55 34 31 -1
10 31 31 -1
17 31 4 -1
27 49 32 -1
40 25 58 -1
49 25 35 -1
49 26 32 -1
37 34 12 -1
49 34 24 -1
36 34 13 -1
38 15 34 -1
30 27 14 -1
34 30 55 -1
9 29 31 -1
19 23 15 -1
17 30 4 -1
26 49 32 -1
39 25 57 -1
40 25 54 -1
42 25 52 -1
44 25 50 -1
44 32 11 -1
44 33 10 -1
39 34 2 -1
36 35 0 -1
50 34 23 -1
42 34 15 -1
40 15 32 -1
42 30 51 -1
17 25 15 -1
15 25 17 -1
34 27 63 -1
39 25 56 -1
40 25 55 -1
41 25 54 -1
42 25 53 -1
44 32 10 -1
37 35 0 -1
36 34 0 -1
50 34 22 -1
42 34 14 -1
43 34 15 -1
57 34 29 -1
41 15 32 -1
43 30 51 -1
17 24 15 -1
15 25 16 -1
14 26 18 -1
34 16 36 -1
55 32 1 -1
54 33 1 -1
55 33 0 -1
33 34 21 -1
36 34 16 -1
35 34 23 -1
34 34 22 -1
30 30 22 -1
31 30 23 -1
40 31 33 -1
24 21 27 -1
22 30 30 -1
23 29 28 -1
29 26 17 -1
5 22 31 -1
5 23 30 -1
43 25 62 -1
40 25 61 -1
48 25 37 -1
49 25 36 -1
43 33 6 -1
56 34 22 -1
39 30 53 -1
37 30 55 -1
15 33 34 -1
26 27 13 -1
22 29 7 -1
21 29 4 -1
16 31 3 -1
29 49 32 -1
30 50 32 -1
5 22 30 -1
4 23 30 -1
42 25 62 -1
41 25 61 -1
40 25 60 -1
48 25 36 -1
42 33 6 -1
42 34 5 -1
57 34 22 -1
48 34 31 -1
37 30 54 -1
36 30 55 -1
14 34 33 -1
15 32 34 -1
27 27 13 -1
26 27 12 -1
24 28 9 -1
22 29 6 -1
21 29 5 -1
20 29 4 -1
17 31 3 -1
28 49 32 -1
31 50 32 -1
27 17 39 -1
25 18 38 -1
2 27 52 -1
9 28 56 -1
55 31 5 -1
0 34 15 -1
27 34 20 -1
28 30 47 -1
34 47 32 -1
33 44 32 -1
11 21 35 -1
10 21 34 -1
9 21 33 -1
52 27 18 -1
49 31 19 -1
48 31 18 -1
16 34 15 -1
15 34 16 -1
45 14 30 -1
14 29 46 -1
50 32 47 -1
